# Camera list with one line of data per camera:
#   CAMERA_ID, MODEL, WIDTH, HEIGHT, PARAMS[]
1 PINHOLE 1440 1080 572.8526000976562 574.5930786132812 720.0 540.0
2 PINHOLE 1440 1080 572.8526000976562 574.5930786132812 720.0 540.0
3 PINHOLE 1440 1080 572.8526000976562 574.5930786132812 720.0 540.0
4 PINHOLE 1440 1080 572.8526000976562 574.5930786132812 720.0 540.0
5 PINHOLE 1440 1080 572.8526000976562 574.5930786132812 720.0 540.0
6 PINHOLE 1440 1080 572.8526000976562 574.5930786132812 720.0 540.0
7 PINHOLE 1440 1080 572.8526000976562 574.5930786132812 720.0 540.0
8 PINHOLE 1440 1080 572.8526000976562 574.5930786132812 720.0 540.0
9 PINHOLE 1440 1080 572.8526000976562 574.5930786132812 720.0 540.0
10 PINHOLE 1440 1080 572.8526000976562 574.5930786132812 720.0 540.0
11 PINHOLE 1440 1080 572.8526000976562 574.5930786132812 720.0 540.0
12 PINHOLE 1440 1080 572.8526000976562 574.5930786132812 720.0 540.0
13 PINHOLE 1440 1080 572.8526000976562 574.5930786132812 720.0 540.0
14 PINHOLE 1440 1080 572.8526000976562 574.5930786132812 720.0 540.0
15 PINHOLE 1440 1080 572.8526000976562 574.5930786132812 720.0 540.0
16 PINHOLE 1440 1080 572.8526000976562 574.5930786132812 720.0 540.0
17 PINHOLE 1440 1080 572.8526000976562 574.5930786132812 720.0 540.0
18 PINHOLE 1440 1080 572.8526000976562 574.5930786132812 720.0 540.0
19 PINHOLE 1440 1080 572.8526000976562 574.5930786132812 720.0 540.0
20 PINHOLE 1440 1080 572.8526000976562 574.5930786132812 720.0 540.0
21 PINHOLE 1440 1080 572.8526000976562 574.5930786132812 720.0 540.0
22 PINHOLE 1440 1080 572.8526000976562 574.5930786132812 720.0 540.0
23 PINHOLE 1440 1080 572.8526000976562 574.5930786132812 720.0 540.0
24 PINHOLE 1440 1080 572.8526000976562 574.5930786132812 720.0 540.0
25 PINHOLE 1440 1080 572.8526000976562 574.5930786132812 720.0 540.0
26 PINHOLE 1440 1080 572.8526000976562 574.5930786132812 720.0 540.0
27 PINHOLE 1440 1080 572.8526000976562 574.5930786132812 720.0 540.0
28 PINHOLE 1440 1080 572.8526000976562 574.5930786132812 720.0 540.0
29 PINHOLE 1440 1080 572.8526000976562 574.5930786132812 720.0 540.0
